equip_slot,enhance_level,needed_point,total_point,needed_mana,rank
1,2,10,10,500,1
1,3,10,20,500,1
1,4,10,30,500,1
1,5,10,40,500,1
1,6,10,50,500,1
1,7,10,60,500,1
1,8,10,70,500,1
1,9,10,80,500,1
1,10,10,90,500,1
1,11,15,105,500,1
1,12,15,120,500,1
1,13,15,135,500,1
1,14,15,150,500,1
1,15,15,165,500,1
1,16,15,180,500,1
1,17,15,195,500,1
1,18,15,210,500,1
1,19,15,225,500,1
1,20,15,240,500,1
1,21,25,265,500,1
1,22,25,290,500,1
1,23,25,315,500,1
1,24,25,340,500,1
1,25,25,365,500,1
1,26,25,390,500,1
1,27,25,415,500,1
1,28,25,440,500,1
1,29,25,465,500,1
1,30,25,490,500,1
1,31,40,530,500,2
1,32,40,570,500,2
1,33,40,610,500,2
1,34,40,650,500,2
1,35,40,690,500,2
1,36,40,730,500,2
1,37,40,770,500,2
1,38,40,810,500,2
1,39,40,850,500,2
1,40,40,890,500,2
1,41,50,940,500,2
1,42,50,990,500,2
1,43,50,1040,500,2
1,44,50,1090,500,2
1,45,50,1140,500,2
1,46,50,1190,500,2
1,47,50,1240,500,2
1,48,50,1290,500,2
1,49,50,1340,500,2
1,50,50,1390,500,2
1,51,60,1450,500,3
1,52,60,1510,500,3
1,53,60,1570,500,3
1,54,60,1630,500,3
1,55,60,1690,500,3
1,56,60,1750,500,3
1,57,60,1810,500,3
1,58,60,1870,500,3
1,59,60,1930,500,3
1,60,60,1990,500,3
1,61,75,2065,600,3
1,62,75,2140,600,3
1,63,75,2215,600,3
1,64,75,2290,600,3
1,65,75,2365,600,3
1,66,75,2440,600,3
1,67,75,2515,600,3
1,68,75,2590,600,3
1,69,75,2665,600,3
1,70,75,2740,600,3
1,71,100,2840,600,4
1,72,100,2940,600,4
1,73,100,3040,600,4
1,74,100,3140,600,4
1,75,100,3240,600,4
1,76,100,3340,600,4
1,77,100,3440,600,4
1,78,100,3540,600,4
1,79,100,3640,600,4
1,80,100,3740,600,4
1,81,125,3865,600,4
1,82,125,3990,600,4
1,83,125,4115,600,4
1,84,125,4240,600,4
1,85,125,4365,600,4
1,86,125,4490,600,4
1,87,125,4615,600,4
1,88,125,4740,600,4
1,89,125,4865,600,4
1,90,125,4990,600,4
1,91,150,5140,600,5
1,92,150,5290,600,5
1,93,150,5440,600,5
1,94,150,5590,600,5
1,95,150,5740,600,5
1,96,150,5890,600,5
1,97,150,6040,600,5
1,98,150,6190,600,5
1,99,150,6340,600,5
1,100,150,6490,600,5
1,101,175,6665,600,5
1,102,175,6840,600,5
1,103,175,7015,600,5
1,104,175,7190,600,5
1,105,175,7365,600,5
1,106,175,7540,600,5
1,107,175,7715,600,5
1,108,175,7890,600,5
1,109,175,8065,600,5
1,110,175,8240,600,5
1,111,200,8440,600,6
1,112,200,8640,600,6
1,113,200,8840,600,6
1,114,200,9040,600,6
1,115,200,9240,600,6
1,116,200,9440,600,6
1,117,200,9640,600,6
1,118,200,9840,600,6
1,119,200,10040,600,6
1,120,200,10240,600,6
1,121,225,10465,600,6
1,122,225,10690,600,6
1,123,225,10915,600,6
1,124,225,11140,600,6
1,125,225,11365,600,6
1,126,225,11590,600,6
1,127,225,11815,600,6
1,128,225,12040,600,6
1,129,225,12265,600,6
1,130,225,12490,600,6
1,131,250,12740,600,7
1,132,250,12990,600,7
1,133,250,13240,600,7
1,134,250,13490,600,7
1,135,250,13740,600,7
1,136,250,13990,600,7
1,137,250,14240,600,7
1,138,250,14490,600,7
1,139,250,14740,600,7
1,140,250,14990,600,7
1,141,250,15240,600,8
1,142,250,15490,600,8
1,143,250,15740,600,8
1,144,250,15990,600,8
1,145,250,16240,600,8
1,146,250,16490,600,8
1,147,250,16740,600,8
1,148,250,16990,600,8
1,149,250,17240,600,8
1,150,250,17490,600,8
1,151,250,17740,600,9
1,152,250,17990,600,9
1,153,250,18240,600,9
1,154,250,18490,600,9
1,155,250,18740,600,9
1,156,250,18990,600,9
1,157,250,19240,600,9
1,158,250,19490,600,9
1,159,250,19740,600,9
1,160,250,19990,600,9
1,161,250,20240,600,10
1,162,250,20490,600,10
1,163,250,20740,600,10
1,164,250,20990,600,10
1,165,250,21240,600,10
1,166,250,21490,600,10
1,167,250,21740,600,10
1,168,250,21990,600,10
1,169,250,22240,600,10
1,170,250,22490,600,10
